900 900
50
68 616 63452
804 558 19437
675 709 251331
831 73 62203
706 868 1139095
685 71 67855
415 420 262659
463 652 159332
579 558 419767
818 72 52331
381 139 50905
9 42 384
257 769 20784
37 699 4094
119 556 8655
117 340 6865
472 807 136537
30 369 3796
781 100 48905
824 17 15476
502 398 118358
796 406 446163
799 662 206847
610 750 243277
546 868 650889
500 84 29124
577 607 160856
121 688 146499
368 621 241434
324 596 202390
403 197 45205
620 93 19012
30 43 105
209 653 100426
185 350 118505
821 1 1443
845 577 967669
826 749 93431
276 268 62659
777 643 240698
395 145 53400
409 764 42642
33 846 46033
369 154 111141
555 390 390542
759 311 55902
251 255 121013
350 232 22971
236 560 86431
846 436 105977
